2604
9577
2667
5515
3070
9300
4132
1251
151
9737
7079
1730
3432
368
7740
7593
737
806
707
4715
4427
6415
6532
6160
7393
4564
7282
5414
1834
4114
4348
1753
1887
9689
3693
1825
1567
6976
2552
2308
8008
1112
4193
9772
9947
946
7851
7181
1131
1010
4201
5397
9624
9192
8228
7969
5742
6768
3475
9339
2619
4114
6595
5698
5823
5537
985
4422
3248
8417
8395
7486
2746
8380
190
2529
8214
1078
167
4963
564
1867
2528
8283
6593
1514
5146
4092
9681
8895
8068
8067
2806
3640
1024
6677
1589
7038
4084
7168
687
4037
5930
2807
1240
2867
9791
1192
9282
6129
4643
4481
822
5146
747
9498
675
6394
9057
2449
2251
2813
8090
6069
5300
6909
1435
2187
6458
3001
8524
7397
7300
1703
3310
8665
9538
7281
1184
53
7154
9200
1526
7698
8619
9021
5333
646
7122
5467
1276
3216
9826
6306
8591
6953
5684
7963
6845
1924
6825
4100
7762
2038
4665
2271
6373
227
4456
9616
5608
7758
4686
5619
3584
6278
2920
3611
4484
2912
9545
3626
4083
3081
5856
4079
4822
3525
227
1224
595
5156
6023
7710
7741
2995
5657
1118
9285
4536
8330
6336
1355
3719
1398
2254
4924
7917
1264
1739
8313
4772
3101
6338
6945
9313
9176
7534
999
8608
5909
3757
7433
776
4808
6604
5247
3432
4433
4391
4222
2736
5260
959
9664
9832
2515
8990
270
4922
5676
2407
7890
7636
4979
9510
2926
8126
6676
3132
6659
68
6916
4997
4048
8406
8039
8243
9362
5436
7435
8111
6055
6828
6123
2806
9543
7393
1758
3799
765
2178
2003
4595
7456
876
1252
3358
5680
264
5257
3399
8011
17
9391
466
5080
701
315
840
9912
6582
513
2175
3382
2578
7663
7792
467
144
9783
1648
7288
569
7557
5319
185
296
2485
7648
9366
6006
3217
4882
6313
55
3750
7124
7603
1105
9777
1425
5949
7782
1202
7522
4397
1304
592
4959
6519
5789
6997
4494
451
3481
3305
9817
1101
1629
8225
9034
4513
494
1098
6540
3816
6727
2880
9584
2209
9048
2787
6054
3649
7454
4658
4184
2503
6695
6148
1302
2395
7269
8738
2161
4807
9761
8569
6654
1248
3943
5376
6475
8891
9065
5125
4275
7148
526
5043
4349
8940
9902
1414
8484
104
9350
5972
4484
7557
4119
2265
1465
6470
2578
4462
116
3320
279
7121
3992
2910
3723
4157
553
7256
1484
35
9613
5798
5076
8446
4210
2011
8472
3873
8087
376
4652
8175
1504
6025
1320
8274
9033
4421
1079
2896
3667
4083
1436
3908
8466
6519
3040
8801
9889
7869
6466
4820
7032
3678
3965
4873
5990
8669
3515
6760
8978
5879
8881
6497
2419
1568
143
7544
3961
2643
16
1328
9168
7774
1457
9633
5184
6750
5145
7271
4421
8134
4568
7851
7244
7368
2157
5250
5546
9759
4800
7737
2280
8790
6863
6994
6712
7430
1459
6974
938
2957
6776
5908
4990
7067
5814
5670
8073
9403
4629
7399
34
5738
3896
1236
4788
3422
3077
1280
1498
7475
6700
3261
7640
8996
7222
492
7885
3047
8201
2830
6027
6900
7757
1802
1361
6581
7589
9045
1381
1809
6689
1383
7105
2710
779
1191
9544
9948
4350
7943
6522
5294
7346
3092
7657
7358
3298
3240
1437
7836
7520
6247
8308
6467
5714
8625
1074
8179
2690
6221
6910
670
1323
3388
8095
6498
4358
6584
3889
8474
5965
9814
2098
1002
6844
1391
6313
1997
5928
9039
1041
6784
937
7178
1801
3182
1800
2648
5369
2047
9583
8856
851
8683
1329
3694
8376
2131
7287
5824
5149
351
3168
9211
3957
517
956
4980
5569
6218
4462
489
7849
7380
1906
7813
250
5515
5929
5537
4829
3610
8707
1279
5482
7362
5601
7283
8796
3284
7862
6426
5326
9347
6274
7922
9555
6037
9797
5953
5513
817
8663
46
4754
7863
9027
2187
7006
9004
4872
7866
2857
1466
8991
6323
5573
4582
9607
9360
6518
7277
1212
2358
4758
4254
2004
4679
9732
272
3618
2982
5542
5304
9657
4193
8823
23
6211
6926
9303
5300
768
8037
7324
8165
4120
9014
1810
9625
1992
1533
2641
3286
4956
6679
602
6560
4129
2322
4308
7184
1353
291
4000
7044
9624
5281
8882
9829
3090
1376
6534
5232
5394
4215
6117
1498
9151
815
6148
5177
197
5291
4933
4779
6288
5979
8063
739
2125
221
9464
7169
6495
557
7463
2619
6961
8800
2720
8044
4461
2657
4067
8846
3549
6994
2207
148
7775
9962
3601
8473
3545
5476
8048
4132
8487
1888
4075
3560
6759
8882
6324
4428
5496
1628
2460
1624
6219
7191
9118
6424
4606
2758
9664
7838
1651
4824
2912
2020
4792
5546
1418
7887
6203
1002
7098
9339
8958
5967
5134
7460
5852
3319
4780
6546
50
4746
4343
1063
235
374
9088
6905
9763
3036
8559
416
7898
6626
7629
2465
6460
1137
5787
1754
5407
6634
7618
1391
9674
8002
8106
7173
132
4130
5376
9213
2612
9291
6235
4308
3519
9545
9850
3882
2023
4850
1873
3504
7021
7645
6407
94
8819
849
7287
992
9548
5882
7152
5888
258
8676
2550
4738
9104
2684
9402
1032
6085
7894
5658
319
2725
216
1243
2107
7054
2483
6362
4215
2774
9522
3763
9587
2891
5838
140
763
9971
775
4973
8442
2797
1826
792
127
2851
9202
8701
2291
7162
7647
3957
2472
1907
9239
7731
8120
5923
5589
2065
1783
2978
1724
7781
6940
4392
4456
7223
2970
1859
1626
3098
4762
1561
452
7839
2556
2037
7190
4925
879
4635
6232
5846
540
7420
3393
3415
9517
286
343
7478
5198
1960
1361
4736
6735
2119
6278
2452
658
1519
5587
892
9913
5656
9212
7253
7828
4519
980
2602
6234
3980
1597
3515
4254
6374
33
6098
3856
8809
4830
3190
9904
6968
456
5050
3536
6275
9190
8132
5136
2780
3831
1478
2981
4419
6296
9596
7944
9922
751
3244
1963
6320
8693
7789
2486
1137
9607
4648
3052
752
528
4410
6271
1918
6665
4202
5335
3054
5636
4762
7546
6397
9756
7940
4686
5473
36
3462
8487
742
1307
2750
7675
4497
3405
6370
230
6485
3238
5412
3507
8277
7449
7426
3183
2052
466
5820
1151
4163
5610
8136
1568
8705
2256
4195
502
8505
5844
9880
1834
4333
9907
440
4845
8077
1999
5812
1696
3682
5426
1464
1501
7178
7446
6790
3881
6008
5225
4193
6076
6209
4854
2519
7399
4865
8509
7549
9515
2819
9768
4141
1859
2261
5324
4973
3202
2765
6216
9188
459
2900
7780
4231
877
2169
8683
2057
1519
8185
7007
2011
5337
6829
6658
8801
9125
5148
3533
8260
2632
5083
813
9974
2207
9890
6207
4161
2240
7101
416
6814
4636
9917
9369
2704
1330
4677
9719
952
8330
9137
6257
1894
9083
8392
686
6272
6553
5644
1085
6020
7831
7433
4363
8466
2011
3202
8052
2154
9906
6090
183
2050
1207
1604
7979
5356
1853
4673
2277
6542
1964
7398
6404
8377
7752
2272
7044
9001
4735
6139
1756
858
8461
1002
3905
4950
8245
8651
7772
8798
6449
8300
9768
143
9422
8024
3380
1874
3039
1140
288
1773
9719
5762
9424
684
6272
8856
1666
6184
2060
9345
4311
9739
3745
2879
4668
1125
7955
4440
9344
6852
7671
6791
8858
2991
4190
6917
2377
3346
6852
9594
194
8944
6692
9753
639
6953
8387
5626
8795
4735
9152
166
2694
7641
5587
9402
5582
2519
9634
5675
1620
5305
3388
84
1234
9028
3790
1333
2129
3771
5472
1662
5853
8400
7954
4982
716
7711
3537
3462
330
7392
3649
2301
48
9874
863
8504
5463
9486
5637
9536
133
1923
568
8386
3798
3898
6566
1697
6705
138
901
4601
3549
6629
8891
4485
2616
6912
4101
1145
3801
3215
7771
2676
5446
8605
3459
5595
6241
8753
8554
5728
9217
7885
3849
584
8940
1974
5582
3302
7338
2801
3183
5810
4038
4299
7523
1785
5053
8991
5292
9065
9102
166
8619
4149
733
4899
8784
2693
689
2778
9802
845
8146
1111
4122
3890
6076
4376
360
150
9569
6903
6289
9998
5222
8562
7745
1912
8055
1438
3874
9755
6128
2256
2454
4340
6832
4645
5157
7812
5904
2857
523
267
9530
4116
5285
7515
6181
5737
2704
9515
6716
9139
483
1930
7615
2372
1871
555
4379
2048
8560
1160
8947
4227
8659
6752
3596
8866
5651
4368
576
1170
4788
2264
6736
3989
2936
2256
4925
4805
4285
2608
3968
5762
3544
4538
1658
838
3892
7229
2150
3821
4648
6345
1041
8431
8753
7783
5444
7852
1773
4143
3510
9009
5998
9504
6244
3796
2786
8155
7463
6532
3940
3959
7565
6295
1271
1658
8447
1291
1099
7830
4451
6253
2458
7129
8883
5728
1547
4411
8521
3355
5711
1742
497
1882
3995
8172
4419
5035
1134
8999
1655
1653
6617
8188
4912
4372
7110
4759
6920
6976
3156
9341
2751
3954
709
5224
4216
9805
4717
7949
3598
1148
2671
2996
1044
5975
9870
6547
8297
9729
9235
2568
906
8717
4995
3711
6231
9802
9948
2578
2473
9824
9640
5722
4326
9729
9349
9638
6638
4776
3954
5715
4470
1613
7419
9210
9350
7885
3048
40
7432
1234
6064
2646
5256
7740
208
4242
7381
5673
1075
113
1602
4143
4492
5116
7955
3992
3438
3211
3574
9456
9676
1623
9965
7125
2372
5206
6815
2584
1466
5597
1269
8910
9078
1241
7021
4298
1525
7487
398
5925
4316
615
9227
1780
7532
8299
9145
7392
5216
4545
9033
5085
7480
9776
9618
2049
6340
443
1984
9126
4324
9252
7537
6464
2784
3286
6676
6035
1140
287
6560
5061
7254
8125
6740
5585
7805
9776
9803
1033
9991
8194
8988
5613
3098
5261
7136
7009
2879
5432
3700
5204
4592
8324
668
4788
835
3548
1060
1361
365
7762
9108
9361
5565
5935
65
3540
1107
2325
5419
8505
3348
5117
2549
1486
3494
1676
5781
9041
5838
7736
4019
9240
3894
6968
7219
8415
4334
8799
9784
6369
8558
7809
5273
3054
2427
5016
7791
3672
2538
2936
178
6923
1451
2922
2370
3163
6426
4250
8344
7828
4364
3705
3371
5640
8354
4267
8046
7120
2221
5754
8882
2214
4097
9720
6034
8818
645
9807
639
9923
2
9673
6614
9988
456
5519
1377
4994
7792
289
7530
8798
8116
1391
3927
4888
9882
8241
7428
3150
9711
4026
5543
1411
6756
8058
7921
6216
9346
6522
1563
7063
3958
2686
1256
1907
6072
3345
1937
5469
9396
7921
6337
9503
4841
1751
7177
8474
2259
227
1502
4692
21
2193
6801
7299
4189
9762
5502
3627
8788
32
3454
6765
8743
6927
7403
775
6340
5469
3035
1537
4669
7851
9515
6901
7468
5007
1560
7964
2620
643
5187
1271
5974
9301
9091
59
7969
9600
3532
9735
5111
5883
9000
1587
9009
6314
3899
6615
4210
706
7259
9234
5194
6967
7604
7941
7978
5445
7996
8602
192
595
9011
2646
3569
3135
238
1232
9883
7947
1247
5221
7812
7140
1493
3267
3152
8286
1985
2339
7356
8378
9715
8706
9287
7515
5703
1502
98
6060
1650
8806
8580
6999
2395
1120
9770
9619
6186
5853
4714
1572
3068
6234
4024
4972
2028
4858
3403
6381
9329
5570
8763
7044
5013
3489
6513
4623
4264
7637
70
4671
5154
8722
1245
384
9786
4102
1925
2855
3762
3552
4225
29
6715
3966
7240
6911
3474
5352
5798
7533
6572
6439
789
1396
7971
2607
5518
2358
8949
1960
1847
3842
3994
5687
566
3402
2267
1616
4124
6376
5841
5725
6587
1189
8336
1636
9054
7885
4254
9439
7292
7056
5195
684
1732
2208
9878
1568
4220
6572
1214
4772
1169
1826
36
9486
287
4004
5679
8228
2139
4054
7878
8733
2647
8613
5681
3541
3367
5607
272
6864
8092
8436
5766
8630
9312
2380
7780
2682
7023
2739
4826
7645
8859
7477
6864
6290
8467
8876
1443
8284
7731
4666
1001
7936
9479
9778
6667
515
731
5070
2985
6493
3299
8092
2653
477
7378
6699
9022
3924
8764
8323
2740
8854
3388
9229
2387
296
2767
4128
1989
5013
8535
1216
9682
1880
6336
4886
1803
6783
3797
7582
200
9934
9788
8768
2375
8945
7021
2500
2551
5186
4724
1840
2143
8972
5152
7402
3226
8791
2498
7787
5868
6866
792
5401
4167
2458
6102
7507
1433
2382
6375
9414
1207
2812
1852
6242
1842
8712
285
5530
2780
3954
7328
724
3551
9266
8702
4949
245
5593
3759
5518
2224
6590
7949
7478
4628
249
9205
1269
3230
2646
1170
2524
7276
5576
5932
5303
7893
4162
31
5003
6507
5699
2675
8390
6871
856
2627
1974
3422
5944
8113
7029
4998
8550
6915
1014
78
4441
8685
7311
4880
272
2725
9360
7826
9274
6706
2509
9053
4045
3269
5350
366
4221
9494
1831
1456
2119
8100
2022
1272
7715
1513
9897
1791
2888
443
2560
9621
2776
2189
7320
9862
3872
4140
8662
9451
9547
9299
7363
4994
2168
6579
9274
708
1416
9754
6698
5717
1192
6152
7522
3734
5839
5149
1929
8360
6489
379
4674
6346
3232
1237
7114
9868
8807
1061
9755
6980
7511
854
5531
2277
8456
6212
2696
5710
7923
7192
6620
375
4026
7943
8732
9779
9536
8871
8831
2690
8067
1490
8562
396
4819
2062
889
9866
9540
8752
9440
9453
7165
4179
3411
9474
277
282
6485
5655
5938
4481
6718
9273
2127
5276
3531
1875
6909
8184
6585
71
259
5874
677
9826
7629
8231
124
4677
6578
4467
528
2703
6320
5184
7875
7457
6756
1341
2215
3711
4859
6303
4531
8847
2600
9741
9712
8435
9979
6215
9491
7789
89
8443
3166
6204
326
5458
9889
6183
8771
2876
5384
8737
8553
6670
4610
2399
7235
630
835
7948
7874
9381
2653
161
9199
9044
9254
2096
4636
8923
1835
8348
3815
9457
4991
4182
9691
9232
6758
7883
4714
291
1394
4561
7057
4552
8590
9168
9123
4634
5910
5816
38
3888
6118
1236
8416
8430
7028
9470
7794
5643
1628
1862
9109
8880
8397
5044
3573
1604
1965
3690
1620
3645
3762
6886
6597
1666
611
9046
3848
3699
661
5082
8520
2544
6555
3872
9167
6350
1887
3933
8138
4601
525
1488
2915
891
7009
7065
1503
6480
6690
3432
7284
6948
6404
505
5205
4131
8630
917
4477
3437
5037
2496
5295
2716
1775
2731
3236
900
4892
3947
1317
4081
5818
258
216
7759
3080
7589
4331
7268
5815
3208
6465
1272
6654
6792
4543
8105
8885
3388
643
2896
1417
4119
2868
7823
4263
5381
9040
1098
5957
1644
1846
5433
8782
7685
3755
2345
20
1862
2365
6887
3284
4457
1304
8695
9304
5333
3582
1343
3366
6417
6938
6975
6010
7950
2724
5196
5535
2048
4313
6773
4970
1186
213
9079
7974
1493
2713
4058
6519
3878
2103
6366
2626
9570
687
8385
8330
3108
7898
2080
6024
8966
1097
8778
5677
7100
5020
4825
2438
8527
9297
4937
8695
7634
5057
9885
6125
3272
2369
6824
980
6176
6248
3242
8078
9057
9890
709
3458
3327
2896
2450
5541
9472
5330
9581
6428
8981
5509
7706
8993
9471
6986
1691
3687
2447
6727
2306
5018
1126
2072
2038
1394
7634
6503
7706
412
1740
179
1693
7640
9759
2678
764
6021
7021
8107
3007
5221
5446
5420
1565
7210
3256
3862
9882
7590
708
6334
7216
642
1973
3489
6685
244
1263
384
7494
4445
5411
3642
4372
4683
9366
399
4290
7322
633
6406
9847
6459
4606
910
9513
2035
6489
4025
7878
2790
3909
8345
8003
1931
6945
8758
3193
1395
7852
5758
9971
4017
4588
1449
7096
8610
9471
7289
2327
6258
7841
6050
8132
8486
3820
2800
9376
3991
3726
7215
793
4745
8450
4015
6074
7780
1332
8309
186
8214
6545
9133
9105
8994
6234
8027
7482
2472
7662
5983
6607
320
9883
8709
9442
103
1170
6668
4416
1650
4484
3830
3905
8144
5360
2939
8990
2631
3335
6094
4623
9756
5758
7352
7242
1113
6676
2762
8990
7262
8648
8783
4604
7048
2340
7667
5761
7119
9160
2994
3955
9748
6430
2528
6006
6070
9032
3756
5540
3244
51
8596
154
4922
8195
6307
7666
4896
2026
3338
2464
883
9814
6816
5269
7485
5185
4606
3712
795
9405
8930
443
9648
8286
761
7495
7258
7271
6728
6825
1284
7145
1475
1987
2150
3988
7631
9513
1035
7033
3893
1363
6441
3124
2730
3380
8362
2146
7522
2042
2219
4077
6698
683
6827
9908
54
6644
862
8282
6653
6537
2196
8386
2236
819
9271
8347
1899
1997
2063
7
6281
4314
8384
1916
4986
1747
1478
5967
808
101
3190
8396
5027
5455
8630
9705
9001
3238
1212
4984
7799
2472
1332
6956
3241
59
851
5401
2588
1547
4037
6121
9463
3749
2412
3394
8332
6438
7290
4052
5826
8977
8065
5442
6333
8681
6652
9240
1974
2032
5067
5197
8167
7072
875
9319
6453
9171
8259
7916
2677
9876
184
5185
7990
8357
55
4305
5518
1047
3972
2331
2873
2156
8227
8572
216
9191
6883
9087
4273
2067
705
499
9240
1571
968
2628
9865
2320
2562
2331
1071
9278
8094
265
8395
418
5715
159
3972
1257
6470
1675
5780
6994
6882
5285
1933
1742
6612
3585
9390
7940
3339
6562
6675
916
3550
2410
6672
4309
3081
6146
7952
6549
4082
8737
2648
408
5095
7353
9124
3538
1804
2393
1732
2094
611
6028
1608
4513
2307
6451
7563
6558
8870
2522
3049
4670
3061
9647
3434
3374
3028
4578
4654
1758
7174
8956
3542
5953
8436
4381
7522
1724
5587
5007
6617
3484
7716
8644
6496
8379
1199
1552
2007
5076
3536
6320
9174
7234
7554
6235
7747
7549
2997
855
5295
7829
8736
3441
7179
7993
7193
64
8819
1578
552
2518
2290
8924
3653
5184
5566
5680
4646
5761
2182
7524
2835
9535
420
5883
318
6896
4675
4621
7143
7558
9224
6380
8494
1551
4723
2686
6381
7375
2382
6934
254
1114
7070
3098
9178
6329
9940
6618
8865
7348
9629
4193
4575
1376
8241
7786
5913
9851
2563
2208
3646
4165
5284
2330
2752
8636
6787
3267
3427
9575
5701
2596
3749
3808
7660
3609
1690
1912
6270
9644
8838
7078
6132
846
26
2514
7268
3744
1747
5957
5079
9501
1187
188
4331
7716
4087
7723
4262
3081
9069
604
2433
3430
3330
112
3561
8933
4849
816
3669
4862
1838
8678
2407
6281
7955
7965
1136
9969
6436
5201
715
4520
7501
633
3116
4341
9807
4203
9644
5328
6648
8519
6350
1453
6067
1001
622
1177
810
4753
8747
5422
9184
3801
3847
7812
6376
393
7395
3873
7760
4122
5146
1162
6568
1696
6230
6098
690
2818
8386
2354
3685
8079
8300
4210
4498
43
8953
7189
8630
8617
5847
6989
8502
6383
2653
8060
3021
8814
5440
2098
5531
7996
2423
1857
9979
3971
8669
2205
1257
8058
8582
2391
2272
7210
9683
9756
4758
4086
5059
1613
2279
4877
9697
7536
8404
6
5813
8748
6328
5429
415
2919
8410
453
3770
1204
2794
9123
5164
5209
4395
8961
3320
4031
298
5332
2336
3132
8305
4373
9585
3019
9005
9069
777
2600
4475
9899
427
3652
2475
6563
2053
2705
6206
9615
8656
5151
294
983
963
2143
6891
6044
8859
9010
4585
5212
1228
1132
7542
3132
8380
707
125
9900
7717
5959
2285
4259
2682
9055
2969
8746
5219
3944
9293
2616
730
4626
1520
5439
2089
1060
9249
5766
8397
3574
9492
4272
9891
3087
2356
3837
6385
2430
389
5447
6919
5163
1002
2309
2117
5967
1892
7127
1380
5000
2347
4409
8737
7657
6428
9352
7923
1800
6199
4678
7901
7315
5347
5650
6911
485
1925
4802
442
7113
8296
8234
7515
344
3886
928
8406
7429
2580
6466
902
3776
7293
2598
190
6094
7522
2451
8430
2418
2869
3129
4313
2066
6928
9903
8865
3423
7736
3478
441
833
8652
4363
4181
3406
4214
8988
717
3687
1867
9637
7438
9459
4109
8526
9700
9454
9497
6787
6464
3863
5456
3741
7419
9097
122
7575
5777
3275
9108
8622
4353
6419
8248
9811
8587
6941
91
9193
9765
4536
6523
9660
7845
9547
643
9555
7604
3619
7202
447
5062
6123
5311
5748
5898
5422
8452
7984
8595
2445
8809
4278
2330
8732
7488
3852
3182
9845
8418
6081
6933
5278
310
5011
9756
4107
6151
7587
4927
5410
2341
5285
8800
8247
5364
3557
9254
8471
9470
5708
3131
663
5545
2897
1404
657
241
9415
4075
4987
2635
3753
9518
2002
1695
3837
222
8673
9345
4492
6469
7876
217
7248
5753
7911
9405
6466
271
9783
5148
6268
1568
4183
2692
4653
9653
7636
4527
5166
1829
4516
5085
5759
2331
62
4314
2357
6027
1859
5729
4751
491
3881
1371
7104
3003
9078
617
4751
9897
9564
5391
2184
5986
1137
4577
4035
2332
2680
9561
6916
5027
8287
2032
864
9818
7965
4934
6029
9696
6881
3115
1898
6822
4554
1504
3710
715
8291
6046
8373
5437
7560
702
7288
9225
4995
1763
8542
179
4668
4161
2293
2883
4293
370
4018
7175
9781
8764
4493
7780
579
12
3577
8982
64
9405
1921
2555
4443
6820
4614
7570
1217
4685
8850
8483
7487
3441
8197
4411
97
6057
1474
5517
2406
2507
1847
8935
573
1604
9977
8252
6737
7108
6155
1474
598
4482
3437
7502
345
5710
5694
8790
81
1876
1163
3341
8843
8466
3160
9180
566
2546
8607
5907
1475
6705
9986
4378
9009
5805
4427
8857
5646
8017
222
5819
3308
7679
1669
4486
1896
6742
3743
8889
1486
43
5252
566
5376
6762
9096
5165
4121
2153
1176
7899
9301
8054
7977
4627
7650
2506
1752
5493
4756
5078
5821
7665
9899
7400
5273
9339
7537
3851
3978
2301
1611
6443
1592
531
5901
8797
302
90
5609
3558
3649
3530
215
5153
3246
3056
1850
2375
7391
2347
3559
1979
8304
8837
429
9110
1827
9266
1482
5856
568
5273
2086
2288
8242
3049
126
1705
7776
6292
9085
8992
2488
2659
9966
7473
8772
8410
9732
5532
1953
4811
8699
9468
1671
3153
9741
8377
3872
2058
7174
252
3263
9080
4817
4686
9484
9556
8514
6736
5877
169
1697
51
3549
4229
3948
6249
6359
5010
2143
4418
9331
5635
1208
5304
7288
8587
7894
8825
9051
4519
3949
4904
9095
3104
1949
2673
3831
2597
6047
3610
3884
7389
2515
4178
3038
9744
1847
2922
7221
4206
9968
2303
4529
4044
6599
994
8502
3758
5653
2095
3407
6404
7761
8145
2120
1777
4973
2708
6048
4391
1061
7868
265
462
8153
7865
137
2718
5469
4779
8742
9613
2220
5904
4315
511
6208
2790
4572
9056
4289
5450
9714
2815
1172
7441
2712
1571
4632
8184
7071
9500
3130
2975
9384
2411
9394
1254
371
4288
7639
6109
2321
8566
8851
1738
1220
2642
8888
8656
3592
6896
9908
6726
5673
2481
4675
6222
5426
574
8841
8551
1761
6883
3948
8224
7100
2886
4182
1368
8152
1906
3640
3408
4616
7246
2556
9565
4825
5295
11
8720
6007
7270
2525
9693
1413
8969
2994
1927
1161
8296
1823
4179
3978
7042
9330
1236
6315
9324
3278
31
5596
3586
7878
4515
8189
8588
3017
5709
3195
2965
6592
9897
5944
5094
6639
8669
9359
9771
6905
8946
9977
6735
5774
9737
876
2134
3129
8717
4674
7399
3499
8175
9179
1423
843
8265
8677
3287
8360
7813
3119
7447
2215
9703
7700
8797
8656
1316
6478
8372
1693
3276
6083
567
4814
2451
550
9161
3842
5299
9660
5434
7445
674
1518
6550
8372
2444
8898
8065
5318
5008
5866
7369
6659
4074
1111
6127
8408
8339
3139
9054
2761
6194
5764
61
7038
6507
5687
1125
1033
7577
2265
914
9172
2474
5370
8106
250
5139
2310
5569
9115
4645
302
6445
6560
8181
3943
8546
34
5429
8458
7328
4765
1063
3568
9965
4206
4942
2889
7084
7597
5203
3829
2089
7564
9188
640
2507
339
7652
3
9103
7629
6087
9858
1517
2286
9146
4112
761
9623
2892
2462
8068
1942
9106
5902
2350
5647
1018
3279
693
2760
7958
6152
6683
8355
3240
8111
5197
9698
6783
3874
357
7076
3915
2107
8061
5382
3898
2404
3947
6038
5179
5131
152
8931
9310
2923
3943
6604
7498
618
1482
1450
7640
9074
2503
1949
3464
2030
3681
4825
51
6155
8773
8469
856
3661
2332
7919
8709
6668
4391
4657
7360
1466
2180
3654
1389
1958
5318
9160
8309
5463
5492
1797
8247
9654
3285
9252
4047
7590
9272
5171
3800
6562
7338
7360
7349
300
4402
859
5760
951
1472
4174
4930
4359
539
6805
1780
5761
4206
8232
9244
5961
520
8575
6332
2305
1805
2799
4020
1394
9964
1640
1956
2843
8261
5291
1406
6444
2959
1953
3342
3048
1144
5132
4631
8102
7843
1818
2821
4684
4017
7359
2252
3726
6699
390
1624
3761
3210
6981
9826
2765
6439
2175
2027
5877
7896
22
5347
5739
9614
4223
5386
4716
8596
8716
7700
8199
1360
5179
8317
1621
3483
7727
1999
2503
6277
3863
2854
6447
6446
2593
2230
6038
7284
6160
5679
191
8892
3490
1493
2170
4796
2008
8332
663
2518
9737
1799
5100
5888
2180
4285
4012
6827
3951
2921
9498
9036
2177
1136
8812
7122
1279
1086
4085
542
750
2100
635
7202
8937
5019
542
859
8487
3691
4234
6239
6078
8315
7476
9914
4084
4641
2681
5105
1041
4035
1134
399
3873
5524
3715
8603
7099
6436
5638
4881
5127
0
7703
2982
8218
3910
2984
7656
7498
1586
8171
4462
6722
8014
5490
8124
7414
6912
3135
4267
3511
435
5346
2707
8019
8079
5694
320
1634
2446
6780
479
7813
6518
5883
6600
6587
2550
4088
4934
1710
4512
6563
8919
4245
9274
161
7434
8829
5968
3603
6329
2467
1326
4169
463
7956
7300
9818
1930
5669
9751
8300
7035
2193
5985
9414
6521
2753
2545
8574
9491
1819
9242
9511
8771
188
7963
1599
7886
8882
9166
6742
1917
7383
7453
5771
6966
849
8232
7150
7256
2972
2549
4588
2237
4398
9066
4576
3974
1765
4315
8097
7509
7493
1038
3060
4528
381
378
8656
593
380
8941
9547
4232
9642
9982
2206
7318
139
7114
2499
6550
3574
9668
5839
7378
7393
1846
2360
6220
5471
1593
3118
1212
8736
1348
6150
2747
7311
2338
3064
5622
535
6693
2835
196
6712
8957
9894
3
264
8756
6406
3221
5301
8542
7179
3985
3954
8271
6857
8220
5346
2901
5817
9000
7536
5053
9376
1246
8535
6897
4006
9908
1613
1999
1414
9252
1826
6207
968
5480
7370
3012
1363
3805
95
9646
9504
6727
1506
2859
392
8404
3034
7141
3931
534
8934
3606
6378
6260
5542
7876
3337
7366
1182
5960
652
5833
5215
8197
1879
1193
2434
9501
6889
2789
2840
3049
3823
494
9466
7213
2480
4835
9117
6042
7118
9685
3133
7531
7927
6890
7
6267
8491
7150
3534
9154
8636
6778
3121
8766
9067
7599
2183
6576
4271
3369
9807
7363
9898
7261
6673
7209
2292
2954
3559
4168
1812
8391
3553
9907
7600
8914
9926
7091
3980
1061
86
2573
7795
1634
3492
2959
1836
4314
5182
2121
8168
3503
7041
3358
4586
2810
5276
1205
2902
6106
87
6219
2613
4866
8190
7460
8594
2208
8137
8035
2043
2097
3352
8870
1075
3156
2019
6480
7785
153
3867
5424
4864
6700
5469
8176
9915
2062
6692
7363
6100
5462
3332
2231
8019
582
3873
1765
4582
2078
9384
8430
8818
4722
805
8039
6357
6882
4151
1039
353
3044
7901
351
6044
9045
4849
7195
1401
9363
9355
1197
8698
9735
9285
8103
1807
7893
6597
4987
1220
7374
4422
8474
4318
8363
2661
5161
985
566
9174
6564
18
5888
9195
2361
5583
7718
5903
784
272
3897
5781
9921
8716
9928
6819
2035
740
6786
9312
4647
8964
7320
6894
6548
5549
368
6736
1114
4604
812
2795
1471
5544
1110
5710
540
2160
1055
9527
5113
2982
3670
1323
3985
7316
6234
435
3096
2887
805
8077
242
2348
6220
1280
760
7545
2908
5091
9726
1154
2428
7328
9636
1106
1013
6632
8469
6660
9751
2516
2895
512
7381
3498
6474
5219
7937
5897
4440
930
6964
2211
4409
1017
5890
8840
3310
3097
7635
7973
2042
7595
6763
3047
4764
2716
3207
3469
7823
2772
5871
3796
2309
124
5966
6126
1216
6496
1640
8200
7890
5542
6130
9762
3877
8796
7489
1346
5224
6819
6652
8168
2390
2621
6866
3416
7472
3130
4449
7532
6769
1013
7890
917
6267
4843
9961
8938
7370
6294
5554
3091
9433
6287
296
285
4854
3921
9152
2162
8904
5526
7188
3043
272
3269
3674
1812
4946
3412
9119
6645
4427
934
8965
6904
6882
4586
3745
8219
9387
2415
1868
9404
8861
7557
8901
4701
7590
8374
7090
7621
6488
3601
126
6491
5413
5772
9628
1799
1594
3336
4953
1586
3537
6032
6848
5831
8010
968
2928
6069
7280
3246
4180
8658
7796
5228
9292
5748
7754
9903
934
4987
9805
5721
7044
6096
9875
4076
6027
8031
1309
7022
1620
4879
112
2665
3634
5550
2498
6834
3188
5895
2295
3320
1313
9662
2428
7801
6207
9472
1498
9281
680
4325
1937
3869
6462
810
6562
7991
7730
4374
1951
515
8219
4141
5637
7534
789
6073
1972
3221
4844
1159
1858
6075
5669
6309
5843
7908
9806
454
2388
7108
3703
7268
7563
2268
1905
12
7080
6017
8278
7846
4173
964
2368
2180
9790
9387
578
2350
5442
6928
2818
8974
5857
7152
1241
8335
6558
3252
2466
8137
1924
5657
6575
9293
5145
6602
383
7512
9778
3326
6576
6441
7277
143
7861
8983
9975
5703
8109
1694
6619
7527
8386
9320
9141
6402
3569
3461
6204
410
5971
7575
6925
8246
5380
1239
6660
666
7506
5785
6511
3839
1427
5048
4893
6811
5463
7316
9153
9457
1962
4558
7686
5395
8300
990
2658
419
4152
7966
8909
1425
8555
7385
9076
9715
4404
976
4089
4912
1386
2440
8334
2557
119
1092
5478
2572
9516
88
615
7549
7422
3872
2770
5220
2988
4910
4226
6125
6773
7204
9495
5235
3823
8695
182
8293
4363
3160
1094
4825
7642
2054
3492
4387
9620
5874
8568
9039
1900
6364
9855
2328
1166
263
3546
4307
2461
2572
2362
8653
2230
3773
8072
7304
7798
3701
8636
3409
1615
2517
5255
33
5764
9200
9756
9785
140
5093
4398
3579
9347
6628
7862
6257
3240
734
7228
1135
6160
354
8756
286
4571
1632
9003
6984
220
1447
8849
8861
4918
1133
5019
9831
2227
4187
2068
5580
9045
7631
1631
7930
1053
5597
9174
552
9151
5573
3510
3476
695
4657
6360
9
2437
4022
4221
8799
7744
7392
5405
6419
8135
6224
8528
9050
6104
2072
3270
6086
2627
6064
2493
3440
1281
4216
7293
7730
323
375
319
6524
2882
7342
8219
9871
8258
2345
1629
9729
1441
7792
3249
9534
8132
9724
3877
6919
7055
3570
7408
5142
9225
8040
3756
1582
68
8795
26
212
5861
2552
751
1356
4233
3625
465
5060
4676
2691
6840
6115
3319
526
6357
7001
4028
9226
3872
6969
6346
8622
1607
7865
1773
3631
8414
5265
6372
4153
695
9845
2962
8273
4645
956
6022
9935
9981
6432
6423
7305
6688
6142
7115
2694
9597
8685
5732
8653
4355
851
1109
8723
5640
1331
37
8880
1786
9056
1263
5546
8323
1510
1242
4839
9397
7495
6694
8340
3307
4876
5677
4506
5716
347
4042
2390
4395
8980
7487
7082
2304
2123
9202
5851
8701
6757
6455
6859
3196
6769
3801
1977
6794
962
4592
646
4970
3606
5947
1443
1023
9282
9350
9406
8482
3002
2358
2786
3123
2569
8490
1270
8303
9358
6014
3758
2206
5205
5495
2651
8101
6232
5409
7597
1406
9996
2271
8788
2319
1922
3204
3263
9711
7514
5426
7895
1337
5945
1059
6681
8337
9146
1934
4595
4064
4119
8816
3994
6131
5568
482
5497
481
9023
2385
3744
1921
8588
5570
7381
3909
3601
4084
6154
1106
8187
1288
4207
1919
5586
8162
2048
7013
9607
5568
2052
5786
8986
8558
9744
6530
2511
9073
4361
974
625
9237
1623
1361
5477
8277
8012
9777
4673
8515
3085
4852
7696
9674
1263
3942
897
6479
8357
3659
3695
2936
1143
4372
3003
5621
886
6173
4782
5769
5249
6361
7349
6233
4800
5923
5596
1928
1738
9899
1235
5480
2237
9087
3152
8040
5811
9954
4294
8730
6453
514
7653
3727
8318
5019
8544
1609
7557
6982
6911
4697
9701
9410
4935
4313
5236
801
949
1863
6355
3625
3685
7801
8223
742
1873
7857
8037
6440
4376
1186
5340
7012
2148
4909
2072
1194
4243
1051
4960
3365
7702
7671
6460
6569
645
2767
1407
2114
4418
948
1435
710
8088
203
5865
4645
9804
244
7373
5572
8169
3756
8482
5188
4062
4470
3303
5978
5743
1122
5002
3935
2631
7024
1718
634
969
7315
8114
8268
5982
4164
6905
4774
6653
2225
3443
5399
682
1249
2915
7912
7108
7391
1147
4335
2674
4688
7935
743
5643
2834
5232
7163
1620
2348
9838
1319
3981
281
490
8351
9965
1949
1170
3691
2149
517
216
5043
2671
5678
8747
3058
5501
9797
4167
2000
655
2289
416
1265
9310
8855
9250
5003
3112
4291
9816
5523
4608
4009
6527
1869
8366
4118
2606
2556
1679
9946
3602
513
3288
3956
6533
5848
1340
5052
8391
3678
1458
7782
9728
8762
1370
3477
9281
1779
7702
4381
1243
8371
847
4407
657
6716
4920
8545
3852
1928
1770
7923
9853
170
5241
8067
5898
769
8480
2346
2422
861
6499
6653
8408
2651
7950
2451
9232
9470
6098
7843
8498
8234
8076
6628
8893
7854
3354
2451
6084
3335
4479
3873
9844
8911
6263
5663
286
4918
8468
3002
2735
5325
1678
913
5968
9489
4436
3853
7151
8602
3992
2105
4545
7844
2883
6117
6770
4836
7617
7160
3393
5418
3316
8713
3516
9345
8089
9018
8907
6012
5375
6086
5573
9171
7210
6854
5492
1708
9955
1656
7379
6813
2071
7151
5705
5337
4198
9202
820
6756
4886
6420
9507
8328
2946
6627
6862
1572
2010
8199
1975
6303
7688
5994
5925
4365
6437
9880
8514
8422
5279
1957
6911
9809
4036
8321
7421
8814
2655
9991
2680
8684
5550
5118
9748
8685
9521
9835
7871
2233
4462
4160
3373
611
7377
9078
1594
6149
9942
4235
2870
9141
9204
4375
1545
3850
4055
1896
3842
3212
84
7543
3126
996
1522
4444
6849
9146
448
1763
7269
5485
2490
8205
6200
8872
6632
462
7299
5535
8804
8524
3417
1764
8848
4970
1760
7136
9228
9988
5998
3350
6311
2123
4723
9929
7298
8268
553
3848
8282
3767
1280
5942
4855
5439
3503
7088
3795
5487
4607
358
3585
116
445
3878
2153
4182
844
9656
7458
2908
2178
4494
4
4503
7306
946
9133
389
4297
2084
5229
8596
6837
8410
234
889
263
6802
544
5698
8373
9060
6839
3821
534
9029
8194
9263
862
1024
559
3378
3853
791
2101
6984
6531
9805
9584
5404
705
5921
2199
4516
6599
8200
9871
6524
1545
8645
6667
8836
668
7371
5714
4179
4941
5671
3139
932
8957
787
4974
8926
6590
1511
6612
5750
5652
1152
6361
2586
6479
2778
337
4449
2483
6628
8791
4934
7417
7228
4346
4342
8312
6547
1164
5942
2234
5006
1987
8411
3761
6148
3770
2907
2198
4915
6869
7297
5556
599
624
4294
933
7256
2264
2131
1628
9087
8808
8066
6913
7651
4542
8933
6247
7196
5023
9581
70
1739
8458
261
8180
6161
5243
3214
7321
2791
1935
7070
3030
7425
4998
7202
4992
2252
7591
144
2900
3097
2660
652
2682
3199
4916
7837
3418
511
5891
1522
8708
4151
6010
7279
397
234
1020
9939
6810
5634
4449
1251
6684
3483
2026
7069
9457
9765
2569
6946
7509
5197
5660
8349
564
4519
6149
3230
3702
1469
49
5729
7679
3643
7395
3172
2765
5060
6676
1926
390
5041
4165
8413
8891
9204
3677
7187
9403
9765
5885
5948
4024
2761
9826
1950
6782
468
950
2015
2491
6654
4245
5815
535
4238
8361
7521
901
5078
7636
2936
5289
7842
6279
2458
4697
7589
128
9022
5865
4291
2370
4239
394
6178
8168
1859
7417
8955
1153
4403
7397
7337
2187
9541
2083
361
8746
5818
8061
4003
4352
9476
1507
5306
1877
5623
5150
9003
6952
8652
4947
364
9620
3415
1247
3122
3373
3972
546
2783
4464
9760
6813
5939
5407
1943
2395
5413
2233
8235
9706
2469
7767
9917
8631
8513
8386
4739
2975
4261
2914
4239
5469
7407
9807
1355
5355
2990
2223
441
5963
2956
3167
7582
227
1137
5782
878
387
3614
8297
7303
7023
69
1995
2599
3086
3090
1646
9311
2123
6574
2404
4323
5303
4090
2696
5551
3854
6274
8547
1326
8025
3616
4609
2504
9052
8753
5477
4942
559
5176
6323
5325
611
238
9586
7628
1219
3230
5800
4009
1269
501
119
5246
62
2767
2046
3962
2960
9520
6518
5873
8634
5870
7027
2496
9317
7519
8804
5956
1461
6539
5695
4512
2805
803
9782
3567
725
8974
3125
9601
312
306
7816
6225
6224
7504
8121
2022
1128
2809
9075
7539
9024
8193
1398
9400
1343
3967
1216
6305
1459
1459
6294
9649
2261
3794
6075
7986
6199
1996
2783
2112
8425
3002
6216
7258
4475
61
8815
5350
1892
9730
9976
5975
9437
1464
4307
8995
5664
5666
4720
5790
6142
854
8542
2433
7144
5516
6335
427
5867
8462
8678
5039
4840
698
3624
3926
3152
5610
2726
6177
2893
5163
5325
1366
2644
2359
2702
9719
5523
9917
3970
5930
69
3672
9325
3522
7507
750
7685
8333
2582
5086
4521
7519
202
1950
3502
3762
6490
1649
1253
7604
1656
2679
1371
673
4612
1899
1348
5201
3672
2116
6361
7023
6622
3502
3987
4046
4229
8466
3717
7983
3546
9205
1414
1494
8527
9242
7537
1675
9448
9916
6442
8794
6264
6567
1902
4854
1261
4685
8819
4461
1409
3940
6769
3980
3547
2208
7052
5324
4965
7189
5926
3537
3403
5791
6154
825
5125
4911
90
9641
8608
2951
9177
7429
8439
1831
6883
7581
3706
3119
5096
5971
6291
8926
2539
9206
1575
4984
3611
6395
5316
2281
4454
7368
9469
974
3433
9697
6913
8920
5827
3689
2393
78
4758
908
9439
7399
3549
3758
4555
4904
4118
2961
158
5911
6420
120
9800
288
9748
2990
1194
9844
9679
9844
356
5636
419
8685
4164
1190
7942
9593
8679
53
230
2173
4525
8071
539
98
7354
8145
8281
5193
3144
6897
133
1331
4599
8265
526
119
8652
4765
3926
9357
9365
1517
7294
5679
9654
9747
279
5991
223
397
6494
5276
9394
7439
6615
4154
8258
2275
8797
8615
7613
1280
752
4654
1378
7213
4611
6384
3709
6325
7478
6158
346
6079
9706
9568
9920
8221
3547
4821
7843
3842
8729
6772
4127
8196
2505
1090
3575
6203
7713
3614
5578
3678
1476
1174
9442
505
289
6351
6485
1369
884
7658
7534
6517
588
2709
7057
9127
1331
4791
9011
9120
4829
6370
73
9169
9154
1396
54
7676
3646
3116
1858
88
9220
4781
7469
6911
5149
7618
7431
9329
7236
463
2710
2953
8776
1976
2715
4975
5247
4378
2743
5092
7542
3823
6699
6732
6043
451
3665
7268
6673
7715
3218
2670
8514
5599
7525
2256
1885
1188
485
8952
702
7056
9258
7691
5442
4241
84
2787
1723
2009
2102
6704
7479
5164
9964
4380
9049
8335
4904
7201
8335
8208
6353
8666
4709
5392
2709
5956
175
3835
8485
451
7162
3804
6418
467
2970
9575
8661
6740
1861
9357
9125
6327
6979
7064
8202
1575
9736
4709
5784
3052
3657
6938
1929
6510
7891
7155
7211
62
5376
4887
7614
5550
6389
731
5199
4683
3145
1044
3643
272
7511
5335
6851
6692
6483
4448
6552
6170
162
4026
9818
9416
6513
374
1838
2218
3901
8291
3809
1568
9242
1258
972
7836
6538
8819
7487
2380
6610
5541
8364
7848
2310
7940
4122
346
9738
6002
7888
1333
728
8815
1829
7917
2031
8815
1060
2885
462
9922
8549
9481
2826
5168
6738
7430
6062
5669
4399
3156
1679
827
8943
9018
3703
3328
9855
8440
9731
3724
6024
9138
2782
8338
6769
7033
6628
9637
797
4992
554
4146
2396
1182
760
3382
6930
362
9574
4309
3889
3332
7623
6204
805
4177
3072
5269
7538
440
8908
3086
8508
2510
5827
3301
9983
1735
4245
8090
6813
2542
4639
1931
4515
4919
154
6045
9186
6563
4250
7090
3021
4231
6388
7441
7737
103
1033
6276
6159
1295
327
6163
203
8229
2038
3229
559
6835
826
7383
7780
9385
9164
2149
4854
4093
7791
7239
7421
1936
5907
9656
6899
1209
8732
3379
5395
8067
7195
1283
2992
9646
240
8497
8261
4394
4258
8665
8727
8021
7916
6418
5570
5157
1175
2434
3258
3476
6260
8777
6721
4054
279
5818
8481
3670
3925
6729
9060
3284
6263
9548
9480
6944
5501
4899
9429
6377
3832
4904
2296
1931
2132
5756
9083
3540
4036
2436
4080
5200
993
7743
6999
7564
8326
3806
6405
2197
4270
4859
1839
362
9290
2203
3919
3006
1088
8709
3131
2420
6151
2523
8424
9143
2621
6051
7049
4040
352
3136
4141
6314
8833
6727
1016
3104
6974
6532
4327
3190
7818
4747
8063
2689
7751
7255
8520
9075
8198
8963
1248
8477
1134
4658
8539
8372
6765
8170
153
6057
7955
3041
2262
9088
1899
1587
3933
1828
7065
448
4894
112
3823
680
3996
907
6591
8044
2997
9264
5766
4625
7932
1126
9469
4706
12
1383
1901
9772
5366
4895
3527
371
4014
1302
2404
272
2206
7831
9429
1513
5064
3046
7703
4260
2673
7587
3707
464
7704
3155
6572
6127
8292
4183
677
1959
8975
9492
3942
7874
5181
3551
1973
4098
9741
6894
9992
6316
3175
7549
6856
3997
1055
9981
173
7780
9952
4135
5985
3765
8615
7220
7862
9079
6991
1048
2446
5560
1073
9018
7021
8540
6750
5324
4899
7882
4449
4699
5039
4377
8005
6807
332
6630
487
2739
8334
6295
6974
510
7745
6602
2787
4427
3507
4493
9731
3758
44
2425
1011
887
6155
5845
9504
9225
8533
6403
8538
6762
576
8459
1258
861
9932
2852
2454
8659
7606
630
1711
3673
7521
8941
5272
3473
8821
9116
653
7773
9567
3417
8127
6864
2165
1746
5404
3157
2926
8458
7192
4740
3491
9854
6608
4006
6057
614
1064
3774
1277
3552
329
5985
2230
9865
4144
2650
4837
9126
7329
869
4517
8354
9054
8610
7691
8033
8215
6065
2191
788
1801
425
3782
704
6740
4543
9266
3077
8214
2831
9902
8427
8738
3465
510
7192
18
6053
6409
4929
7262
3206
4367
7051
5074
4853
2046
6371
7564
9462
9446
7862
1394
3108
5939
6517
3475
6924
6460
986
9704
1108
8224
5757
6114
3088
2456
7306
1713
6451
7475
5716
4668
5276
6678
805
4620
5750
2724
1037
9403
4009
5951
5736
7769
950
2328
8158
1240
8563
2054
1659
6847
7413
6691
3066
6930
8044
3878
6821
8813
9410
7355
8821
1026
9724
5465
4584
4119
1287
3831
650
8444
3584
3121
9977
4065
5677
7194
3161
4575
31
1647
7863
1061
5160
2177
2686
2970
3753
2035
1552
9382
1727
5028
7523
3859
7484
708
4271
79
7795
8177
2741
1211
5919
584
6384
7292
9385
8242
908
448
6277
4225
1543
596
4181
8002
652
1507
1164
1512
6735
7283
8627
792
6342
9878
925
6053
7195
6334
9206
8346
3493
9548
4024
6499
8049
2367
3619
81
4899
8830
2502
9075
7617
3503
7700
2867
991
3672
8572
9311
9982
9782
6647
2950
2566
5322
1825
5129
2821
443
2075
6203
779
3283
492
3862
3945
621
5861
1582
8
2930
2739
763
5589
8086
7917
1104
5798
9337
6115
1291
7480
160
2578
4352
2995
2627
9847
8372
976
3849
6740
443
1501
8562
9304
8697
2087
9708
1315
7547
1137
7594
8107
7465
927
1147
2311
2677
3809
2064
7846
4828
6158
9174
4366
9964
3705
8744
5433
1709
1280
3952
8628
2221
2168
989
4846
4830
2565
1468
9620
7819
5712
3674
9676
3017
638
1572
790
7291
2623
3219
9238
5784
4414
4212
4899
1055
6626
6283
5302
8032
7885
501
115
9397
8533
6729
3948
6830
9307
5877
9886
2373
7682
5576
8678
6453
2816
3498
2182
9763
8827
748
8494
5972
6569
7996
545
6609
9544
8106
7718
6233
4349
1839
7728
6768
6530
2355
7692
6598
6371
4399
4
746
7535
8176
5473
8785
2686
9499
1883
5264
5263
1095
1541
5412
8097
749
9695
8461
7001
4278
2955
2039
2387
9458
5687
401
5233
1077
2710
5878
2638
121
7724
9736
3823
5267
5849
8767
4752
6868
9177
6174
8766
6564
5571
506
6255
5647
9963
4499
3154
2105
2826
4625
9710
9219
9142
1288
193
4289
4597
7268
1543
3896
1659
3850
85
6313
3948
2636
970
2129
1044
5913
7351
2024
1695
7615
2908
8415
1197
5509
3641
935
3791
2609
4832
6251
7764
4543
7661
3417
2732
2734
9979
9447
1843
2716
7780
5434
3511
7799
5368
4716
6541
1750
5436
8348
7256
2419
4843
9778
5809
3865
2220
3024
6751
1878
2621
4138
6843
6127
5765
8196
1942
8142
2469
6482
6129
3656
2176
9361
7845
1081
2524
6145
8334
3927
9152
6834
2861
9685
9965
752
7286
9767
4147
2000
5053
3037
7883
7431
8678
4388
6744
9284
5079
9484
1325
1989
9396
4711
770
617
8285
5393
6109
7094
6005
7340
1036
1767
6590
8948
906
4808
976
2349
7455
1153
7115
60
3759
5870
6205
196
46
9764
9826
5003
3319
1018
7066
148
6771
9470
6058
6772
9581
526
3427
461
2957
7316
8656
1899
7965
7213
6990
961
117
243
7899
6775
1143
2084
4119
3280
9553
8285
4150
4686
3850
5814
8746
2410
9593
5854
5543
4037
274
4921
5531
423
2517
6809
8981
447
7848
8742
1035
1183
3123
6755
5931
7509
6261
6374
5337
8100
8196
7199
2838
6810
8055
9409
6004
3949
1754
1208
4120
8229
568
6218
3689
2551
6035
5681
3785
1692
7280
718
6238
606
5909
3535
3462
6452
6767
5868
4352
7293
3516
4156
3671
1166
91
1542
2314
808
8774
166
2609
7677
2698
3236
6616
5441
7695
8049
4476
6112
940
8116
4508
8775
250
3433
1523
7380
9057
1881
1681
7619
4464
2932
2833
9481
4531
571
63
7526
9768
856
9676
2264
5390
9391
7186
1324
7660
1934
9791
8373
1591
1258
7123
9882
2421
3578
2516
2057
1234
4695
1962
6419
6633
8632
863
3820
9678
9281
2205
8598
3791
3712
7640
6641
7835
1973
991
2405
2260
2259
4290
6267
4856
3760
6879
7426
9823
4697
8691
7534
3298
9138
6208
989
7563
4689
9310
216
9755
1523
9967
7407
6581
5430
7239
9706
7769
4911
4841
4816
8518
8689
7187
4778
2539
7328
8490
5548
3112
8625
8322
2016
9021
6309
7325
8405
8218
9228
9229
9926
8910
9213
6232
5072
9731
5469
8371
5426
1456
8119
3185
2958
8179
2115
4325
4181
6489
3894
8707
3012
5740
8903
407
1818
7218
9598
4714
2064
8479
2720
2898
5383
3161
9931
7517
6299
8298
3467
4492
3926
2423
1374
3683
2900
7988
6618
1792
5617
7651
9090
8252
8823
7461
9667
1340
2351
3242
4428
8183
4846
2138
6861
3623
8578
4203
3955
9177
3814
5766
2807
9661
5931
8957
2301
6722
6942
3592
8813
9676
750
6299
122
756
1882
5924
1430
6424
8140
7007
4147
8674
133
6716
4524
5815
7390
1105
7800
6657
8447
1612
5103
5469
2417
312
5037
1543
5158
2757
4199
2888
5573
518
569
5478
7288
8604
5900
7227
4895
1867
3758
1643
2879
5954
896
2368
536
6555
5
4648
1483
7699
3134
4240
146
7014
658
6093
1259
860
9823
7107
7491
7529
1295
2334
1944
3688
9818
8994
3380
5033
1106
4686
6794
1615
8016
2152
6186
948
8016
810
2021
7601
4473
5364
3510
3196
8106
8635
5626
4714
8587
5765
2972
4444
232
9334
9945
4890
7103
8899
564
9460
1883
3890
130
3974
8829
1654
6974
2733
1243
1556
8772
2663
1720
857
8989
2206
480
2099
3216
8073
8725
8113
6690
7679
1511
2249
2583
8149
9630
8743
967
5606
9308
197
5558
7196
5773
3279
6673
567
3104
9765
5304
1253
6927
9119
8174
5608
9697
2287
4237
5305
9818
142
7756
9517
1087
9797
8903
7083
1202
5152
5054
682
5080
5707
4582
4719
5600
8492
8793
8738
7118
2568
923
8809
6990
7078
8929
6723
3367
8462
8459
9205
2494
5705
3760
5393
3505
3725
7897
6628
4919
3125
1691
933
7130
5
8939
4650
8065
5674
1143
862
6105
4449
7646
4237
2058
68
8396
4310
3275
840
7521
6686
5360
8283
2015
2270
58
3566
1141
2545
6069
6924
9734
4073
2588
1866
4285
6883
5298
7901
3290
4635
3196
7806
1752
3966
5205
8114
6468
4248
3079
3589
314
1247
9006
6432
7468
926
6101
3376
1615
8962
8340
2948
1842
9939
8225
573
7123
78
2303
6531
8460
8933
4386
8377
2210
4564
4047
3677
1046
890
660
3030
2449
6008
8787
6586
8181
4214
9857
609
2290
9658
9742
4600
3467
2548
2418
620
7924
6020
1113
1188
1923
5581
8043
3749
9610
5079
9423
7601
6869
8967
3432
1987
5150
7889
6923
5669
620
6953
9959
8385
6537
3907
8720
4671
4889
547
7010
3739
7033
8395
5057
9411
3684
7374
3358
3295
9612
5458
6182
7803
1564
7544
3999
9801
7256
2458
6044
9843
7574
3017
6270
8960
7754
7503
3403
4810
3533
6477
7479
9902
4980
2923
4968
1661
3326
1550
6893
4114
7260
781
7744
8858
3060
5289
5181
1815
3739
6163
6882
1162
6514
3186
2273
1197
2429
2235
1608
1783
3642
4416
8606
5825
8954
4891
9212
382
4403
9484
8974
1144
1249
6734
9544
4889
8993
9675
3046
8146
4585
1471
8107
8637
2562
3400
535
8214
6356
8409
5004
1386
5200
7387
6332
7246
8986
3738
3132
6345
3030
8519
3416
7888
4264
3842
4617
3437
4021
6969
1259
9511
368
9171
2539
2699
1600
8141
9646
3712
3123
6373
41
8162
3848
4483
1799
9995
8910
7910
2553
3469
6905
8300
5278
8685
8314
3323
4688
3396
3680
2757
2098
4420
5631
3359
5759
5801
7648
2338
902
796
7313
476
9987
9175
581
7743
8034
3030
2258
1629
4177
5950
7156
5390
6859
9927
5045
5208
4142
6489
3624
1977
6035
4903
6667
6420
8953
4401
9427
6079
9607
4376
6525
6855
4707
370
1672
4639
3875
6677
1749
1291
1702
34
8831
1883
5101
6930
4781
2358
9463
887
386
8591
9468
6363
1333
3378
2562
7731
2532
3262
5575
7257
4341
5560
2638
2694
1685
3124
3101
2177
9035
7196
3982
6530
5769
3317
1088
9075
7644
8317
3360
2505
897
3118
3261
9848
4914
7474
4868
4816
4368
1563
3194
4632
9331
399
6055
7650
5753
6870
4056
5674
9061
4433
6979
1181
8341
70
8747
2069
7387
550
4352
7759
4442
1986
7924
9623
286
7019
4154
9876
8557
6717
5880
1578
495
3424
6186
726
1399
2794
7234
4555
964
6966
7625
2340
2465
2235
3540
8893
16
7971
1949
6864
7540
6620
6015
2181
9483
5867
7091
7242
5359
4661
437
9572
6708
315
2191
4842
3046
6418
1669
2905
8211
7546
8122
5646
998
8391
9102
2994
329
6129
3431
298
5989
6494
6431
7310
2554
9814
2784
1541
6779
9876
8965
3703
9586
3371
7730
6406
1913
5649
2985
4845
7500
9959
1171
7686
6468
3285
4514
9859
4751
5464
8294
9013
3289
799
6248
3044
1087
1355
1342
5325
6485
7881
4187
1802
7313
9541
8557
4257
3724
7684
9031
7504
5703
8622
6098
9771
8702
8848
6705
1379
1249
887
4576
6944
5123
102
3605
8798
7066
1566
3384
2670
722
3767
7806
6761
8975
5516
5423
4447
7853
7782
2182
3659
6205
5327
5123
4812
1636
4219
3736
4490
4418
3054
946
8615
2813
4815
4834
8188
9061
7116
2191
3377
111
4238
4956
1418
7664
2787
825
3182
3761
2177
4827
4640
6591
7303
3659
897
6253
8856
2970
8330
9875
3454
7816
6799
8074
3485
3898
9218
9928
7393
9950
1547
6554
7530
406
9567
5733
3216
6456
2789
6701
4121
6050
153
4945
3815
7705
6224
1715
9807
8151
7230
421
6683
967
1711
7865
7589
7304
665
4228
2319
1381
6182
3938
7392
387
2352
129
3086
358
906
892
5918
3057
2531
7504
894
433
3451
507
9012
9524
4685
1324
9055
3206
1221
9713
3060
5464
322
8231
3920
1398
2013
3194
2292
5194
6656
1044
6726
3737
7567
1617
6844
7322
2346
6256
125
5206
7627
8651
5681
5536
1312
8409
3318
9899
9046
1165
5338
8695
1670
4660
9819
7101
8055
8393
573
1395
9802
8816
6035
1473
6078
3147
9960
6407
1359
2287
864
5618
4492
7615
6307
2104
618
5585
6081
4178
2625
1293
4730
3801
6754
1887
3766
7373
902
3525
5329
4813
3438
2476
2547
3735
9413
3322
260
7383
7633
3039
178
4240
6716
2490
7612
2404
4435
1453
469
1222
4849
2491
5121
6974
6124
5964
872
8137
5703
1621
2672
2732
3606
4136
5825
4954
7646
8232
8530
3169
4228
951
3950
1546
4279
2828
6105
4450
3837
5663
6913
2565
4718
3497
7325
5088
3553
6022
3799
4280
5504
4559
2461
792
6891
4372
6912
1905
7728
7616
7396
5284
2244
1364
5243
615
7669
1910
7599
8163
6900
6934
8621
6911
6660
8261
4168
2650
9839
770
5160
3054
7919
6137
839
7132
1644
3032
7883
6273
8579
532
7051
6343
5419
2463
5611
5975
9499
8908
108
530
2632
1198
9097
1060
7663
5305
3435
1706
3211
2032
7114
2123
8026
950
1237
6941
6874
6263
4275
1091
4255
9077
8317
8481
9313
2930
2414
2635
5904
3361
140
2318
7549
7101
7482
6564
4622
3413
2744
5074
6122
9232
2611
4132
3093
8232
6633
9182
6901
4434
3503
3313
1131
6270
9497
7450
2491
8360
3586
6780
422
4369
8455
9130
9326
7639
2180
2580
5618
2300
3517
4787
6203
5399
9215
9116
7359
863
415
2595
3761
9957
1126
8306
4151
7875
2304
7192
3135
6972
7468
4171
1375
6461
3702
8742
6470
1558
1803
1176
9558
8127
3742
2033
2973
5798
7008
6492
2825
5785
9961
636
2701
9242
224
8435
4234
2717
5639
2568
5172
3234
1302
44
5420
9763
1956
6179
2555
1861
5251
1974
6989
662
9423
8654
182
2046
2335
7023
1475
1381
2498
8589
4657
3744
3225
5041
3231
8196
8330
2741
3047
9999
3186
7846
9408
3006
9116
1007
8544
8288
3439
8476
8576
7991
3807
451
2134
2525
1753
5070
9052
569
1286
9768
8238
4028
5086
2380
3356
192
5388
9324
8672
5735
1985
9137
5353
7241
3690
3621
7397
6728
4914
812
4688
7997
1824
1649
5595
4413
9323
6239
6698
3408
438
6821
8395
727
6136
1816
6391
9898
2621
9557
8933
3974
2610
1847
6043
88
6204
9677
8779
8749
1845
3408
684
36
4630
711
5271
2341
8550
1394
506
7386
5640
3451
9349
8226
5217
3911
9767
8420
2635
6922
8209
6216
8064
398
3094
4080
5201
9497
4712
9806
7890
7926
3667
6279
75
2633
7680
4612
8970
1137
352
3772
4135
397
8542
4609
895
6887
9984
2731
611
1389
8996
313
3087
9873
8599
6014
500
2495
7339
882
4140
220
5852
4583
4607
8961
4870
14
1802
3509
1707
8967
3137
9004
1395
7477
1855
3265
3628
7169
7622
5029
2082
2129
829
3723
9079
9955
179
8322
3682
7936
2814
6587
4443
621
7418
9307
3726
6076
6909
8134
1200
6420
4544
647
1126
6143
7914
2169
4025
4945
531
5498
2701
3261
9816
3330
4989
8646
5548
1718
7169
5937
6560
2597
9405
7091
2340
7533
9237
7017
3330
65
2597
2144
4645
806
6096
1238
4781
6894
6881
1173
4796
107
2568
6527
7443
9330
4666
5657
8453
244
456
1720
7460
8999
5325
7259
3772
6211
2054
1044
2485
2351
3996
7086
1107
8066
4557
6109
5670
8565
4642
7917
371
4048
1883
4480
667
32
2715
9080
7306
8099
8852
7918
4058
9241
9667
2551
4487
6928
2656
6028
7570
6093
1061
1008
5839
2668
6123
7970
9904
9114
5354
6294
1574
4943
2402
6872
2891
373
7990
535
9879
2752
5600
9565
3373
6773
1162
8621
8141
4746
6861
1702
1626
7266
3219
9037
7697
7393
2593
2908
1178
2482
2442
3101
1594
9720
5961
374
1203
4227
7611
4479
6642
4224
4834
5442
3407
3188
3437
141
7386
4605
7563
2811
8755
5615
4341
5338
4869
6936
8133
4536
3696
7878
7400
5494
5171
7640
5652
3922
4021
6078
1635
5352
7662
4160
3269
9995
8172
2894
8200
5614
7467
1584
8654
1182
8022
4532
9401
7965
2679
8669
8673
6243
8399
2705
5942
2624
1078
6656
3400
1378
4970
2630
5737
5682
2705
4239
9142
1927
2146
2153
7025
9022
4912
3964
2054
2426
5266
4621
7413
3460
4794
4360
7039
6834
8236
6735
9398
6995
181
4358
8305
2157
8710
913
6886
3598
419
9815
1818
8493
6716
1135
9956
9571
3937
238
716
434
1109
1348
9107
9119
2008
569
1977
7544
977
7497
1059
3921
7997
4240
6832
6242
7307
7505
8132
2818
6159
9173
3957
843
1230
1266
5095
1162
3716
8165
7577
527
3668
2092
5198
1904
7429
4012
5994
2842
2105
5793
2514
9454
619
3459
8981
3263
9452
6937
5323
85
5024
8024
2296
7716
1873
3101
9947
855
6457
4456
6807
2743
4811
8830
7992
2651
6446
4452
6827
2201
4345
9512
4693
754
5231
3316
7015
8266
7255
9568
4596
5680
2728
2097
4224
5495
2203
9354
7604
482
3694
3109
5419
1397
5093
2079
8773
5912
8596
8454
3153
3937
2198
7007
6297
6263
452
2946
2635
7280
342
2925
2982
6020
6746
640
188
9279
2902
7155
8297
7386
2967
4563
5288
7156
9712
7806
9080
1377
3492
8799
7489
8276
7172
8593
5733
5240
3896
8965
6114
1415
3385
8472
710
7144
3409
6011
2033
5368
1808
9429
3983
5942
9950
676
2293
4059
4751
2107
75
2
438
8500
8228
5590
404
4130
8219
3726
9725
5390
6501
3554
3916
4037
5978
4780
3211
4861
616
166
445
3550
6947
7117
687
2379
4949
2166
5892
8534
3076
1536
7597
8295
6382
7716
8117
1327
8108
8420
3299
1539
5392
6257
5890
7291
1093
1458
5174
4375
5008
403
773
8472
4630
2068
1293
7103
636
9215
9488
7063
5837
2791
4089
1205
5136
3948
9797
588
6678
846
9743
1223
266
9461
8774
7392
1296
4930
1006
7723
9472
751
6356
4409
5999
8133
6847
1382
4684
8178
3778
1084
8448
1008
7756
8568
9298
7079
3672
5334
5711
2457
768
3013
6262
6069
7332
5422
4986
750
3537
753
686
8972
7382
7730
4497
5221
7825
7491
3669
5049
6636
4467
4396
6986
2142
2597
4117
7288
2974
9161
4977
8548
3714
4174
8212
4912
3209
9451
3112
6218
6857
5816
6676
5576
9694
1115
5479
1821
4641
9484
7387
7090
9293
5275
3935
8030
2253
9153
9387
3300
3458
2700
9345
8898
3998
9532
3338
261
3899
4527
2539
9918
6098
3401
306
5290
4649
4219
7375
6241
1620
2301
4772
7564
5062
596
8409
217
9021
8164
9049
1336
1379
2252
108
8750
9331
2971
6890
5215
6713
7689
976
1947
7828
8577
2826
855
5482
5203
5484
9569
6076
8216
2384
7985
368
9467
8805
7069
914
2233
3795
7214
7106
3560
4880
6473
3268
5347
3056
4364
4779
3318
5259
4413
939
7848
2659
976
3052
9826
786
1348
5028
3701
9070
9231
3079
9573
4008
2577
4537
4100
6126
3745
8529
2868
7558
7153
800
6960
3434
2899
7843
6169
2445
2691
3764
5002
3783
9240
9709
2976
8021
8195
447
1867
9095
912
4860
9290
3034
1903
7024
1172
5366
